45 12 1 57 15 52 31 27 76 0 16 49 73 99 80 
46 31 54 76 13 63 91 67 34 60 98 35 33 22 29 
61 61 6 57 49 20 95 26 4 36 81 17 16 87 3 
7 68 8 86 69 58 5 31 78 35 98 3 48 24 97 
81 92 60 46 8 64 97 49 28 60 13 65 94 13 9 
19 56 88 11 30 44 43 4 82 61 4 51 40 90 92 
27 93 12 2 95 8 20 5 28 57 99 43 1 71 57 
77 70 54 45 14 66 63 20 46 71 63 14 29 36 58 
49 50 16 2 98 42 70 95 89 3 72 16 10 56 62 
87 89 39 36 89 80 45 4 28 29 64 81 54 87 60 
97 16 99 56 88 80 88 29 30 94 23 42 33 41 94 
25 15 40 67 55 21 63 62 70 52 97 44 34 55 55 
82 74 16 52 25 72 14 34 90 42 13 9 1 53 87 
77 55 99 42 36 43 4 15 49 74 62 98 73 7 36 
52 73 93 85 4 90 33 21 5 94 40 39 28 81 11 
