19 83 22 48 30 86 31 39 34 34 63 25 49 51 
64 84 42 10 53 84 96 86 66 30 97 5 16 22 
8 24 82 71 15 94 26 97 21 89 46 53 61 42 
11 50 38 55 16 62 14 82 59 91 79 70 25 22 
8 53 44 72 95 99 76 89 49 84 74 43 57 20 
94 62 10 69 83 53 34 46 52 76 15 95 23 7 
59 57 79 70 22 64 21 43 18 61 44 7 81 17 
68 1 26 54 29 23 15 82 57 31 83 37 13 37 
58 41 26 20 4 89 80 8 12 99 30 69 50 10 
71 49 9 25 84 14 46 33 32 14 7 96 5 75 
60 37 2 79 41 72 31 75 99 55 84 64 80 49 
46 19 46 81 35 91 33 78 8 35 80 72 37 0 
2 57 30 2 23 71 81 65 0 27 66 76 56 52 
8 38 38 86 41 21 84 76 34 51 46 84 63 39 
