17 29 46 53 19 86 68 29 73 27 82 95 38 
75 40 8 18 92 35 17 38 9 53 94 42 10 
40 47 62 36 31 5 78 0 9 57 82 95 41 
85 66 90 22 48 98 3 19 97 59 25 47 46 
40 66 50 83 55 48 8 14 74 87 37 93 8 
13 19 33 29 48 25 95 66 17 87 50 13 62 
61 50 58 91 73 17 14 68 23 24 23 52 33 
53 5 94 73 83 62 60 3 94 52 83 83 52 
35 71 99 98 35 83 82 92 63 65 10 35 39 
13 37 20 71 99 15 89 15 47 23 1 7 18 
96 17 44 40 72 82 53 18 58 23 69 38 47 
69 16 76 59 0 43 0 46 96 0 48 69 24 
73 2 19 87 88 62 50 73 10 78 90 1 22 
