Time

0
0
0
0
0
0
0
0
0
0
0
0
0
0
0
0
0
0
0
0
0
0
0
0
0
0
0
0
0
0
0
0
0
0
0
0
0
0
0
0
0
0
0
0
0
0
0
0
0
0
0
0
0
0
0
0
0
0
0
0
0
0
0
0
0
0
0
0
0
0
0
0
0
0
0
0
0
0
0
0
0
0
0
0
0
0
0
0
0
1
0
0
0
0
0
0
0
0
0
0
0
1
0
0
0
0
0
0
1
0
0
1
0
0
1
0
1
1
1
1
1
1
1
1
1
1
1
1
1
2
1
1
1
1
1
1
1
1
1
1
1
1
1
1
1
1
1
1
1
1
1
2
1
1
1
1
2
1
2
1
2
2
2
2
2
2
2
2
2
2
2
2
2
2
3
2
2
2
3
3
2
2
2
2
2
2
2
2
3
3
4
3
3
3
3
3
3
2
3
2
3
3
3
3
3
3
3
3
3
3
3
3
3
3
3
4
4
4
4
3
4
3
4
4
4
4
4
3
4
4
4
3
4
4
5
4
4
4
4
4
5
4
5
4
5
4
5
4
5
5
5
5
5
6
6
5
5
5
5
5
5
5
5
5
5
5
5
5
5
5
6
5
5
5
5
5
5
5
6
5
5
6
6
5
6
6
6
5
6
6
7
6
7
6
6
6
6
6
7
6
7
7
8
7
8
7
8
7
8
7
7
7
7
7
7
7
9
7
8
7
8
8
8
8
9
7
7
9
8
7
8
8
8
8
8
7
10
8
10
8
10
8
10
8
10
8
11
8
9
9
9
11
9
9
12
9
10
9
12
9
11
10
10
12
11
11
11
10
10
10
10
12
12
11
12
12
13
13
13
13
14
14
14
12
12
11
11
11
12
11
11
11
11
12
12
11
12
11
12
11
12
11
13
12
12
11
12
11
13
11
11
11
12
12
13
12
12
12
13
13
13
12
13
13
13
12
14
13
14
13
14
14
14
13
14
14
14
14
14
14
14
15
15
13
16
14
14
14
15
14
15
15
15
15
18
17
17
16
18
16
18
15
17
16
17
16
17
15
16
15
16
15
16
15
16
16
17
17
16
16
17
18
17
16
18
17
17
17
18
17
18
17
18
18
18
18
17
18
17
18
18
19
19
19
21
21
22
21
23
23
22
19
21
22
22
21
21
21
22
22
22
20
21
21
21
22
25
21
53
51
53
25
29
27
42
36
25
40
35
28
31
27
48
28
36
35
30
35
41
32
45
41
37
43
45
44
38
30
31
39
44
46
33
47
39
39
46
31
37
43
48
32
47
30
42
32
45
31
30
39
44
43
30
44
33
41
43
46
51
47
45
32
46
38
39
48
33
45
49
47
47
34
57
40
50
54
47
46
44
49
33
43
42
48
46
42
52
49
43
48
44
42
36
51
47
36
55
45
52
38
52
46
52
47
49
50
56
53
48
39
53
52
57
52
57
47
58
59
47
53
48
48
53
52
54
42
50
59
61
50
54
56
55
52
54
54
48
50
54
50
60
49
56
42
51
51
44
54
56
51
56
62
61
53
44
42
57
54
44
53
61
58
45
52
51
63
55
48
55
45
63
43
61
55
63
55
54
45
63
57
62
58
65
57
65
57
63
68
59
48
61
60
63
55
65
58
51
64
63
59
66
57
64
48
64
50
61
66
64
69
60
63
64
71
65
62
64
66
68
64
69
52
68
63
60
67
71
64
67
59
73
65
74
74
72
71
73
76
60
70
70
70
74
72
69
65
72
73
69
73
70
62
65
76
78
73
69
62
79
64
74
79
77
71
75
74
75
75
