#Time
#
25
8
5
3
3
4
3
3
3
4
3
3
3
4
3
2
2
4
3
2
3
3
4
2
2
3
4
3
3
3
5
3
3
3
4
3
3
4
3
3
3
4
3
3
4
3
3
3
4
3
3
4
3
3
3
4
3
3
4
3
3
4
3
3
5
4
4
4
3
4
4
3
5
3
4
4
3
4
3
3
4
3
4
4
4
4
4
5
3
5
4
5
4
5
4
4
4
5
4
5
4
5
4
5
4
5
4
5
4
5
5
4
6
4
6
4
4
5
4
6
4
5
5
5
6
5
5
6
5
5
6
6
5
5
6
5
5
7
6
5
6
6
6
5
5
6
7
6
6
5
6
7
7
6
6
6
6
7
7
7
7
7
6
6
6
6
6
6
7
7
7
7
7
7
7
7
8
7
7
7
7
7
7
6
7
9
8
8
8
8
8
8
9
8
8
8
9
10
9
10
9
9
8
9
9
9
9
9
9
8
9
9
9
9
9
12
10
10
9
9
10
9
9
9
10
10
10
10
10
10
10
10
11
11
10
11
12
11
11
11
12
11
10
11
10
11
11
10
12
11
11
10
11
11
11
12
11
12
11
12
11
11
12
12
12
12
13
11
11
12
12
12
12
12
12
12
12
12
13
12
12
13
12
13
13
17
18
13
13
14
13
13
13
16
13
13
13
13
14
20
14
14
14
14
14
14
14
15
14
14
16
14
14
15
14
14
15
14
15
15
18
15
15
15
15
14
15
16
16
16
15
16
16
15
16
16
16
16
16
16
16
16
16
17
16
17
17
16
16
17
18
17
17
17
17
18
17
18
18
18
18
18
19
18
17
19
18
19
19
19
18
18
20
19
20
20
19
24
20
19
19
18
20
21
19
19
20
18
21
21
21
21
21
21
21
20
21
22
21
23
21
21
22
21
21
21
22
41
22
23
22
23
23
23
23
23
23
23
23
25
24
23
23
24
25
24
25
24
24
24
25
23
24
24
25
24
25
25
26
25
26
27
26
25
27
26
25
27
27
25
27
27
26
27
26
27
26
27
28
29
28
27
28
28
28
29
28
29
28
29
29
28
29
29
30
29
29
30
30
30
36
35
30
29
29
30
31
31
31
31
30
31
30
32
34
33
31
32
31
33
32
58
32
31
32
32
32
32
32
33
33
34
33
33
33
34
33
34
33
34
35
34
34
34
35
35
34
35
36
36
34
34
34
37
36
35
36
35
36
37
36
36
37
36
36
37
38
37
36
37
37
39
39
38
38
40
38
38
38
39
44
40
39
39
39
39
39
40
40
39
40
39
40
41
40
41
40
42
41
41
41
41
41
45
56
42
41
42
45
44
43
43
42
43
44
44
43
43
43
42
43
44
44
45
43
46
45
45
45
47
46
45
47
46
45
46
44
47
45
48
48
49
47
47
48
47
48
47
48
46
46
49
47
50
49
48
49
50
49
48
48
49
49
50
50
52
49
50
50
50
49
49
50
49
65
53
51
51
51
51
52
52
52
54
52
51
53
83
54
53
54
54
53
52
54
53
54
53
54
56
60
68
55
54
55
54
55
54
55
54
59
56
56
55
59
57
55
57
57
58
83
57
84
58
59
58
56
59
58
73
58
81
59
59
59
59
60
59
60
59
60
61
59
58
61
61
62
60
60
61
61
64
62
65
62
61
62
63
62
63
62
62
63
63
63
64
62
79
63
64
64
64
67
65
64
65
64
65
68
67
64
65
65
82
70
68
68
68
69
71
70
82
68
67
70
66
72
76
68
71
70
68
71
72
69
70
71
71
72
74
70
73
74
72
73
73
78
97
