Time

17
14
13
14
14
14
13
15
15
15
15
17
15
16
15
15
14
14
14
14
14
14
15
14
14
14
14
13
15
15
14
14
14
14
14
14
13
20
13
14
14
15
13
15
13
13
15
14
15
15
15
16
16
17
18
17
17
16
16
17
17
16
16
17
17
18
16
17
17
18
16
17
18
18
20
18
19
18
18
21
20
19
19
19
20
21
18
26
23
21
24
22
23
21
30
22
19
21
22
21
23
19
20
23
22
20
22
21
24
22
22
18
18
18
20
21
22
20
17
26
22
21
22
18
24
27
23
30
26
21
24
26
28
23
39
28
26
24
21
34
36
36
36
31
33
36
33
27
37
39
32
39
36
29
25
26
28
25
31
27
29
42
37
36
36
33
33
31
43
33
31
42
34
42
43
37
43
49
34
51
38
37
38
46
37
39
35
46
45
42
57
52
47
55
46
57
57
54
51
40
48
37
48
46
69
72
64
72
68
75
53
62
50
59
65
63
64
54
52
52
55
60
64
65
52
59
77
66
77
73
60
59
65
68
69
62
67
77
81
82
91
91
97
85
91
93
76
63
55
78
82
77
69
83
75
85
85
81
89
90
98
83
79
72
83
92
100
107
102
93
96
95
97
86
80
84
97
82
96
83
88
100
93
100
98
116
111
95
96
89
82
97
95
79
108
107
105
99
98
94
88
98
103
102
116
101
92
106
113
128
129
103
108
108
94
112
104
107
119
108
109
107
100
114
118
114
100
113
113
99
120
90
89
95
88
102
84
94
133
119
113
131
133
112
118
116
144
130
136
154
151
152
132
147
151
118
137
128
134
136
132
118
137
128
101
127
123
115
146
175
156
133
130
149
146
152
147
144
139
149
148
164
145
139
141
147
136
157
175
174
144
144
157
159
139
143
144
127
194
176
162
150
153
153
154
163
134
164
192
183
157
134
164
145
177
166
191
164
164
216
171
170
168
185
156
156
179
217
187
162
193
192
169
184
182
175
216
213
221
197
187
179
160
181
213
204
188
222
219
165
243
205
196
177
242
198
204
207
225
237
244
218
183
214
178
192
166
200
255
222
209
197
231
234
179
214
259
211
201
195
206
244
255
250
197
216
201
204
246
259
208
219
188
193
272
224
215
235
224
221
246
248
236
238
219
266
243
214
211
226
217
190
202
240
245
278
254
267
259
258
276
251
244
267
237
258
273
223
254
245
254
335
231
260
270
284
296
299
297
232
327
282
264
287
272
245
316
281
304
283
284
306
270
308
299
332
302
312
253
259
280
288
271
306
277
284
279
263
253
316
319
366
334
347
252
327
315
334
372
386
307
368
321
413
314
346
344
347
317
350
297
341
308
299
324
306
280
306
248
272
391
404
325
311
344
297
297
316
353
305
322
361
350
431
329
382
359
327
312
346
381
361
374
349
502
426
428
368
385
343
377
359
375
390
378
361
385
379
356
403
435
479
355
429
477
395
399
442
363
428
375
410
491
414
471
418
342
429
371
472
386
373
394
445
473
427
425
442
391
369
430
407
405
362
441
393
392
514
424
394
459
421
429
499
434
362
455
357
365
385
502
402
384
434
411
358
434
369
454
439
412
433
388
569
458
429
499
450
414
354
460
455
465
392
468
442
466
451
419
430
409
473
473
463
412
462
461
451
444
491
638
528
426
450
537
442
525
455
472
476
516
421
456
542
448
491
498
489
459
499
494
573
496
638
498
445
533
452
464
552
484
492
490
513
536
420
520
542
536
518
533
446
520
606
488
490
566
553
470
544
567
468
487
525
500
461
532
548
628
509
562
455
548
535
606
621
608
594
