Time

16
15
15
15
16
16
15
15
14
16
16
16
16
16
16
16
16
15
16
15
15
15
16
17
17
17
17
16
15
15
13
14
16
16
16
14
13
15
15
14
15
15
16
15
15
16
16
18
16
18
17
16
17
18
17
17
17
17
19
18
17
17
19
19
18
17
19
18
19
19
18
18
18
18
19
18
20
19
20
18
18
19
19
18
18
20
21
22
20
23
21
21
21
22
28
23
24
24
26
27
26
25
21
24
26
22
26
22
19
25
26
28
26
26
30
27
27
24
25
28
28
28
32
24
25
20
23
24
27
28
32
37
34
38
35
38
32
38
26
31
40
43
45
45
45
43
39
38
25
32
33
35
32
36
34
28
36
34
36
41
44
42
42
43
42
45
47
41
40
37
34
37
35
43
44
47
56
41
33
36
35
32
33
31
59
50
38
51
41
40
49
40
41
45
48
44
53
47
60
61
76
50
57
56
52
43
57
65
68
65
52
65
75
61
60
65
57
54
44
47
42
51
71
74
81
76
78
73
72
68
46
57
51
55
70
62
68
60
81
56
62
71
80
75
84
78
72
78
81
79
81
85
73
69
74
73
59
78
71
77
80
77
81
93
90
68
69
48
68
73
82
77
92
92
77
53
66
67
82
86
107
105
112
93
97
94
97
101
111
77
77
74
91
84
109
86
84
90
79
87
93
93
117
115
122
111
106
107
121
109
119
109
109
114
115
117
113
107
117
122
107
108
128
100
98
112
109
109
132
119
133
139
126
139
114
110
114
126
130
129
121
129
101
131
122
135
133
113
119
129
111
128
110
133
110
116
121
136
140
126
125
134
128
149
96
103
111
106
123
99
116
119
120
137
132
130
151
153
144
131
143
156
142
147
137
151
154
165
154
160
147
165
171
172
131
151
160
160
145
146
169
165
169
167
144
153
163
165
156
170
148
153
167
165
164
158
152
164
149
160
181
188
177
152
189
171
165
180
166
177
150
178
183
185
169
161
175
183
152
166
164
172
171
178
173
161
193
201
209
209
205
159
152
173
205
181
183
184
192
205
230
200
154
145
197
202
166
201
202
196
201
192
169
191
201
216
201
175
210
184
184
206
257
207
207
198
216
224
229
247
247
192
186
195
187
210
233
223
198
216
221
257
225
206
212
240
242
241
199
199
223
224
229
195
221
231
216
234
222
223
207
206
212
228
210
235
230
259
271
257
250
219
211
227
231
256
272
274
219
217
265
276
338
253
247
266
249
264
270
311
250
253
232
251
265
281
262
279
281
258
256
266
228
251
319
243
265
281
253
283
256
268
244
260
330
302
262
259
271
281
254
257
274
317
292
343
264
296
316
305
282
311
320
304
261
271
330
296
344
278
326
336
319
292
286
282
262
293
279
273
309
251
257
294
322
306
311
307
348
294
329
317
345
314
360
386
326
332
329
326
333
325
297
279
342
386
301
283
318
321
337
354
299
305
341
334
355
376
335
347
390
343
364
328
338
380
304
419
378
375
424
338
361
430
379
472
320
397
336
398
440
467
427
410
391
388
420
429
428
426
383
376
389
395
370
410
410
377
340
436
383
421
403
404
387
406
364
539
460
408
466
447
439
403
332
454
380
351
398
446
467
410
401
424
370
388
425
468
433
448
427
371
478
445
639
457
523
506
501
469
408
385
557
426
369
498
461
546
471
412
446
420
476
421
438
376
436
420
374
548
525
531
441
503
439
580
397
456
486
420
531
502
472
558
508
509
403
502
554
675
509
616
685
425
569
576
546
444
616
548
625
467
482
557
513
535
478
512
585
529
674
498
536
489
469
486
635
402
