Time

19
18
17
16
16
17
17
17
18
17
18
16
17
18
19
19
17
18
16
15
16
16
17
17
16
17
17
17
17
17
16
15
16
16
16
15
14
19
14
16
17
18
18
18
19
18
17
19
18
17
18
17
18
17
18
18
18
18
18
18
18
18
18
19
19
18
19
18
18
19
20
19
21
21
20
22
18
19
23
21
21
20
21
22
21
20
21
23
23
23
23
22
22
22
22
24
24
25
24
22
23
23
23
22
23
24
22
22
20
23
26
26
25
26
26
25
29
26
29
27
31
34
37
37
35
27
24
34
34
36
36
33
30
28
29
30
34
29
30
32
30
41
37
21
23
46
37
33
26
29
31
26
22
27
32
43
37
31
38
39
38
33
38
32
40
39
31
34
33
31
34
28
33
30
36
42
39
28
47
40
43
39
42
48
51
43
35
49
45
42
43
42
42
40
45
42
48
48
50
49
46
52
59
57
57
55
50
53
60
55
44
46
50
69
67
67
53
51
53
45
48
41
49
66
73
61
54
54
52
63
68
64
71
54
58
51
78
63
79
77
76
81
70
72
89
83
89
78
86
82
81
74
81
79
97
77
64
71
67
73
68
86
85
72
83
64
62
68
97
82
79
73
84
82
82
86
103
85
91
100
97
104
107
102
90
83
97
90
84
86
75
101
106
107
96
103
105
84
73
98
102
94
99
107
110
91
108
103
110
117
113
91
97
93
100
96
103
101
107
98
119
110
111
118
127
113
118
95
99
121
128
108
122
124
118
117
129
135
120
110
111
105
112
98
128
130
136
120
125
123
110
118
123
130
128
141
126
122
131
136
139
142
112
122
119
124
110
132
128
141
125
140
133
134
127
148
143
131
123
142
138
151
146
151
146
140
137
133
127
144
132
134
134
175
150
148
128
140
150
160
149
156
161
156
155
143
163
149
177
180
171
143
131
140
148
166
150
148
160
146
144
137
184
160
181
156
193
151
166
145
182
167
150
147
176
179
173
178
175
193
158
178
190
162
157
204
190
168
164
176
162
173
180
211
204
185
200
196
175
190
159
167
174
168
174
173
181
201
176
191
200
173
186
194
208
163
167
221
216
196
214
193
184
206
198
176
210
230
218
213
185
243
231
199
197
193
219
225
207
246
207
202
197
191
214
215
240
212
220
250
216
253
214
238
213
200
198
243
211
200
255
224
262
226
219
234
244
205
218
216
223
258
233
240
246
259
290
252
213
213
242
210
199
220
225
238
256
236
269
230
253
221
263
222
187
219
213
238
270
212
233
257
262
246
218
255
239
229
273
266
221
239
229
284
266
228
265
205
282
260
224
281
275
253
244
236
274
243
276
275
295
263
258
281
302
355
271
299
305
240
250
248
309
255
277
296
316
270
250
291
293
289
356
306
326
302
296
296
296
304
282
250
301
281
272
300
332
254
312
286
297
269
333
318
346
315
333
308
307
333
311
284
307
278
312
287
314
302
274
297
324
309
318
442
370
273
329
367
303
387
349
414
319
391
311
310
313
422
393
402
348
384
356
350
369
319
318
332
399
304
321
323
395
361
318
409
382
379
327
371
404
398
385
361
338
459
340
401
318
351
371
348
395
342
489
368
335
388
350
434
368
381
408
292
382
360
364
393
385
381
421
378
426
414
520
381
441
354
580
507
416
394
422
433
453
477
442
539
488
379
542
426
441
487
396
462
393
438
393
359
438
469
448
400
474
393
487
421
497
388
446
417
512
475
474
534
404
645
431
403
632
426
528
417
593
426
385
406
492
468
474
429
355
513
480
363
565
516
498
440
505
515
453
401
598
555
438
472
