Time

13
11
12
12
12
12
13
14
12
15
15
15
14
14
13
12
13
13
12
11
12
11
12
12
12
12
12
11
11
11
11
13
12
13
12
12
12
12
12
13
15
10
8
11
11
10
12
12
11
12
11
13
13
12
14
14
12
13
12
14
13
13
14
14
12
12
11
14
11
12
15
12
17
14
16
14
13
14
15
14
14
16
15
18
17
19
19
18
18
21
19
17
17
15
19
16
17
20
18
17
20
21
19
17
26
21
20
21
22
20
21
20
22
22
22
23
23
35
35
26
34
33
23
26
27
33
26
27
28
27
31
25
24
24
26
25
25
33
30
30
28
35
29
29
30
29
30
28
32
33
32
31
34
31
34
34
32
31
33
38
49
47
54
49
45
44
42
39
38
48
42
45
43
43
40
41
56
57
56
68
66
70
70
69
69
71
60
55
58
57
59
52
67
63
37
45
38
43
60
61
59
61
61
59
53
49
42
58
62
51
56
50
52
52
67
93
89
57
54
69
73
73
98
107
95
108
90
95
102
111
106
111
71
73
78
93
84
85
77
83
92
113
99
96
102
94
68
58
69
79
92
99
97
103
110
92
111
118
116
113
116
122
129
108
117
111
137
115
117
108
107
111
110
99
120
118
112
123
139
148
149
138
129
113
124
147
140
125
120
97
117
112
110
123
137
130
120
139
158
161
155
144
139
162
145
137
140
166
131
135
148
141
140
171
153
141
156
145
128
124
114
129
141
128
160
155
165
180
200
173
157
167
157
165
188
177
187
168
175
172
159
181
159
180
198
199
197
161
176
159
165
148
153
159
164
170
188
174
177
182
155
217
194
177
131
143
133
185
183
229
218
232
237
190
172
198
156
143
205
229
214
183
189
185
239
249
202
215
175
209
228
200
209
217
230
280
262
201
211
228
224
233
227
201
250
208
207
178
191
223
229
207
218
229
230
227
265
274
294
289
222
247
215
237
244
239
248
242
259
283
276
240
237
245
251
242
238
247
259
280
330
263
253
297
237
225
207
266
320
242
248
293
252
262
284
290
264
296
265
283
289
312
336
303
294
251
253
281
278
324
290
333
297
339
352
297
375
353
353
337
335
317
304
335
283
299
326
322
297
278
394
356
352
299
304
342
381
333
317
381
339
378
320
323
318
299
325
346
346
317
290
355
335
332
322
317
315
326
410
340
335
375
338
355
399
370
278
294
290
351
333
385
311
347
316
309
357
349
407
359
356
374
343
384
356
369
415
407
381
436
398
391
390
395
370
345
427
377
392
378
393
370
358
381
415
361
382
332
383
387
411
377
434
392
376
383
491
466
493
432
428
405
466
421
389
503
514
430
399
492
512
422
460
436
428
412
485
407
464
403
418
464
502
563
580
515
556
557
512
547
499
583
619
556
587
600
574
458
439
464
580
525
533
484
563
527
493
511
492
477
478
548
534
462
534
534
515
478
578
543
492
547
493
523
627
536
501
581
525
595
503
568
563
594
567
596
597
625
570
508
574
669
566
592
540
550
582
548
543
567
580
573
521
586
610
594
584
539
580
616
609
633
745
625
630
774
713
747
681
659
771
604
700
791
683
681
696
674
697
626
656
763
718
614
713
719
753
734
712
684
724
754
668
665
588
774
777
806
696
658
608
688
674
618
699
720
656
750
616
687
720
719
637
719
613
714
708
734
678
643
766
684
665
680
651
666
657
654
749
703
714
682
714
723
648
706
674
728
729
714
668
792
702
712
665
698
770
779
841
802
700
724
748
692
820
858
693
762
707
659
712
812
721
795
759
760
762
703
741
826
642
731
768
760
793
729
773
749
