Time

0
0
0
0
0
9
9
10
10
10
10
10
9
7
7
8
8
5
7
9
9
11
12
11
11
11
11
11
11
12
12
14
13
12
13
13
14
13
15
14
14
15
17
16
16
16
16
19
18
18
18
17
16
16
16
16
16
16
18
20
20
20
20
20
19
12
14
12
11
12
15
14
16
17
20
15
13
12
14
14
13
14
22
20
16
15
16
21
23
19
19
20
20
22
27
29
32
31
28
20
20
22
18
23
19
20
33
34
34
31
31
29
28
21
28
22
34
26
26
25
28
31
28
25
25
25
25
31
24
26
25
26
28
32
36
33
34
31
33
38
37
32
50
44
43
48
36
34
32
31
33
51
38
41
39
33
35
37
41
41
40
46
50
48
44
49
52
48
38
36
43
44
39
38
45
41
44
46
39
41
43
49
55
53
51
53
43
42
42
38
53
63
59
59
64
77
76
69
84
76
83
84
79
59
60
56
59
60
62
57
58
51
72
80
72
69
67
66
67
60
60
60
62
62
59
87
89
88
94
90
83
91
89
96
91
87
81
81
88
92
95
100
85
86
90
79
81
97
95
100
98
95
99
97
80
100
102
106
91
87
85
79
86
87
100
92
90
94
82
90
88
106
108
91
81
69
88
79
98
127
116
100
102
84
92
92
97
86
77
96
109
105
105
114
125
122
132
110
119
129
135
130
117
108
116
111
138
127
104
112
125
100
94
104
109
111
79
108
113
122
126
104
141
152
113
109
85
100
130
154
154
162
122
131
125
124
131
133
127
102
135
114
122
125
159
135
127
126
133
147
124
105
130
118
167
167
175
142
145
141
146
152
136
126
175
178
182
166
172
139
120
136
197
181
176
145
153
144
128
129
135
142
179
164
163
178
189
175
152
158
163
160
166
196
195
161
165
185
163
182
125
170
160
150
149
154
188
199
144
157
170
178
157
175
193
161
169
195
154
152
171
211
187
169
179
180
181
173
165
183
196
189
177
187
179
184
217
194
183
167
187
189
176
175
184
203
189
201
211
213
184
195
196
218
179
192
205
229
249
214
222
209
194
240
187
180
179
248
198
230
207
213
196
244
238
227
251
210
224
207
229
218
242
229
222
256
264
233
214
215
207
202
211
260
235
276
263
245
191
200
236
264
252
283
233
260
253
257
233
237
237
266
276
269
260
257
245
220
269
313
223
252
245
224
256
226
217
254
231
228
257
260
243
255
229
251
248
267
248
253
272
267
246
297
320
264
274
270
211
277
272
253
221
220
257
254
301
282
270
292
237
283
343
285
237
255
291
313
271
285
276
276
292
227
328
394
306
291
290
282
296
283
326
242
222
301
349
307
326
323
293
221
309
247
310
272
378
321
359
314
339
260
314
383
362
376
297
272
336
317
339
354
371
382
353
368
365
356
330
347
383
416
404
388
348
425
374
345
334
354
380
314
397
306
316
455
369
410
391
376
402
375
379
439
382
449
461
452
388
451
374
369
425
346
418
358
414
397
314
357
305
382
384
404
444
334
408
410
387
452
417
443
514
391
405
394
398
483
493
505
399
419
462
481
369
420
391
467
407
443
488
442
503
451
429
432
704
587
470
341
415
654
484
369
495
409
442
496
516
447
455
399
493
457
356
414
536
390
396
436
393
332
378
348
359
412
439
354
418
511
416
367
374
389
414
459
483
377
351
492
371
533
431
420
443
445
468
431
521
410
434
394
391
362
496
489
522
442
523
433
404
415
388
429
443
437
415
493
387
411
446
427
487
447
469
482
508
550
422
453
410
391
546
397
463
422
436
484
410
483
564
481
431
458
420
502
564
519
