Time

19
18
18
18
18
16
16
18
16
17
19
19
19
20
19
18
17
18
16
18
16
18
16
16
16
16
17
17
17
15
16
17
19
17
19
19
18
19
18
33
19
18
17
20
20
19
19
19
19
18
18
20
20
20
19
20
19
21
21
21
22
21
21
21
21
20
22
20
20
21
21
21
20
22
23
21
21
22
22
21
24
21
21
24
25
29
24
26
24
26
24
27
26
28
28
28
28
27
28
26
33
27
28
29
28
31
28
30
30
28
27
28
27
28
27
27
27
31
27
29
29
34
36
32
29
31
34
31
33
31
29
29
30
28
25
40
31
33
36
36
35
34
37
38
37
37
29
33
38
35
30
37
40
49
44
46
32
44
40
52
47
46
43
51
48
50
38
40
45
45
45
38
43
44
35
40
45
46
48
54
50
54
58
62
56
60
49
47
49
44
39
54
43
52
56
62
60
63
59
52
40
43
49
38
57
53
65
69
69
59
60
62
61
63
60
54
72
77
60
65
71
71
64
64
44
62
52
63
64
57
56
67
70
78
77
70
66
69
69
74
80
67
75
65
59
73
79
70
65
72
68
80
71
67
64
79
75
87
90
61
88
75
78
67
85
71
85
86
84
72
62
71
85
92
98
96
93
87
85
103
83
98
97
100
99
106
98
91
104
106
99
89
105
102
103
111
99
99
93
105
107
99
89
108
91
115
112
109
104
117
110
116
107
112
114
106
108
111
119
105
98
119
99
112
123
117
107
103
106
92
96
93
100
103
109
107
103
93
100
103
119
113
106
114
114
128
128
124
132
126
119
128
123
135
123
139
123
125
122
144
138
136
148
124
137
136
119
122
112
135
138
138
129
135
149
146
129
132
121
139
138
137
127
141
135
153
158
147
141
136
148
151
155
154
138
147
159
142
137
167
161
161
163
183
165
119
135
155
165
163
147
146
161
145
151
151
159
170
164
141
147
169
154
188
170
166
157
151
152
156
155
167
166
180
162
163
164
172
156
160
134
147
194
189
173
164
158
178
151
157
172
178
156
153
180
181
171
189
189
169
170
193
172
178
165
192
163
172
152
158
187
191
191
184
228
198
178
157
213
204
205
181
193
218
201
226
194
192
175
173
220
185
159
184
203
205
165
186
209
196
219
225
199
189
224
200
216
197
198
224
205
192
228
213
232
233
214
232
200
258
217
186
224
207
221
285
220
209
193
232
207
197
233
189
227
237
203
217
214
232
258
252
178
208
200
251
224
228
236
265
270
282
248
220
206
193
220
230
243
222
200
262
251
206
232
243
190
243
269
214
219
257
214
263
228
265
248
243
226
272
238
226
223
273
290
258
277
249
249
238
264
245
256
246
251
255
280
263
274
241
284
268
303
235
256
259
272
281
266
318
271
324
281
306
344
252
234
276
264
288
306
291
356
305
316
288
327
357
286
232
283
264
334
278
277
241
264
340
293
380
336
364
306
338
311
285
282
334
326
302
274
271
320
332
286
274
312
370
308
307
355
318
276
301
333
318
265
360
381
342
366
307
329
264
303
341
327
284
302
312
287
282
297
291
383
319
353
355
321
318
359
369
320
406
376
398
328
316
405
365
423
363
419
440
365
333
348
356
331
338
417
417
379
373
359
461
367
394
467
370
408
421
405
407
360
360
448
387
363
383
324
407
521
476
417
517
477
422
548
475
571
384
486
356
391
482
339
455
376
479
414
392
367
390
371
401
386
442
354
488
408
361
446
430
361
465
586
454
514
483
682
503
464
343
472
440
495
507
479
438
428
453
417
437
559
414
404
398
509
495
474
531
532
562
541
491
440
524
