Time

14
12
13
12
12
12
13
13
13
12
12
12
12
13
12
12
11
10
11
12
12
14
10
11
11
11
11
14
15
14
14
13
13
14
14
13
14
13
14
14
13
12
14
14
14
15
14
14
13
16
15
15
15
16
15
15
15
14
15
14
15
15
17
16
16
16
16
17
16
16
16
17
14
18
19
20
17
16
17
17
19
18
17
19
16
15
13
15
18
26
17
19
19
20
22
21
19
21
19
19
19
19
16
19
20
20
24
25
23
21
19
17
17
19
21
20
23
25
30
29
28
28
26
28
27
27
33
26
25
38
24
23
24
33
31
36
28
29
26
31
29
40
28
31
27
29
27
26
30
40
35
33
33
37
33
45
40
37
35
32
29
32
33
38
39
42
44
39
42
36
39
37
30
49
45
46
45
44
32
39
38
41
42
44
44
35
36
36
35
37
35
45
39
38
44
47
42
58
46
43
37
53
49
51
59
44
62
56
61
62
55
61
57
57
48
50
56
52
66
62
63
62
65
55
68
80
83
58
70
84
94
89
78
78
82
82
79
89
92
102
90
77
86
88
85
78
82
87
99
101
100
96
105
86
78
62
73
80
92
94
87
94
103
93
85
93
92
88
92
80
89
76
92
79
71
82
81
93
99
103
98
127
123
121
117
111
102
108
89
97
125
118
116
102
89
87
96
90
95
88
81
91
100
103
118
114
98
115
106
117
128
134
108
120
126
113
114
101
93
145
142
134
124
113
134
131
112
97
104
106
122
136
130
142
156
124
130
124
152
130
129
122
113
130
146
137
137
146
134
113
130
113
159
141
141
131
104
165
145
145
113
123
136
133
157
142
132
139
141
153
145
163
171
181
175
158
189
189
170
150
157
179
187
167
163
165
151
192
164
116
139
146
149
161
150
151
168
148
145
136
135
148
169
167
177
180
173
176
178
178
175
238
202
213
207
136
154
224
168
170
217
225
182
177
177
187
210
175
178
187
185
183
183
185
220
198
198
205
182
185
149
155
200
194
206
216
190
240
197
220
191
194
192
240
249
210
191
240
207
201
179
225
153
219
210
220
205
238
229
269
256
213
252
276
233
246
218
286
250
202
261
241
238
262
242
252
241
219
241
244
270
286
230
297
258
257
213
297
246
308
292
241
234
225
242
241
272
273
275
293
268
319
240
277
257
276
302
264
242
232
266
250
233
217
299
317
291
249
238
292
301
302
247
217
282
344
335
309
315
231
279
282
322
322
307
342
330
337
328
300
285
340
339
375
316
285
355
336
351
345
334
334
269
292
292
320
264
349
280
325
345
354
321
316
346
315
311
303
335
331
335
352
320
352
366
329
409
352
404
324
367
320
339
388
417
435
353
451
359
413
388
391
448
411
360
366
373
388
394
412
414
307
331
373
378
427
428
412
405
435
411
385
365
405
389
363
399
449
401
369
480
361
339
327
379
486
505
458
364
443
435
369
418
422
492
408
351
469
363
387
366
396
425
385
410
430
388
444
382
422
419
442
480
453
416
551
571
413
436
463
472
407
374
454
415
494
509
426
384
445
414
427
455
491
513
472
451
418
445
424
467
404
432
455
543
594
470
415
433
519
458
453
441
587
520
509
531
460
425
406
457
517
584
532
467
597
612
483
432
548
496
484
623
516
492
450
491
619
491
544
436
478
576
594
627
558
583
568
539
453
509
515
527
500
598
534
508
608
489
539
535
542
547
563
486
564
640
660
515
510
601
597
592
615
665
529
518
513
589
602
535
532
542
624
662
631
593
509
624
521
458
530
642
614
530
683
576
501
529
663
641
579
653
552
778
741
764
573
