Time

13
9
13
11
9
9
10
10
8
10
8
10
8
9
9
8
9
14
12
13
14
15
14
15
13
13
13
13
13
14
14
13
14
13
14
14
13
15
14
14
14
13
14
14
14
14
14
15
13
13
14
13
14
14
13
14
14
13
14
17
14
12
16
15
13
12
13
17
18
20
19
18
16
17
15
19
15
17
15
17
17
21
20
22
19
19
17
17
16
14
16
15
17
19
19
18
17
17
15
18
17
17
20
18
18
19
19
17
20
19
23
21
33
18
19
18
22
22
23
22
21
21
23
22
23
44
28
33
33
34
34
25
24
27
28
25
34
24
26
26
25
38
32
44
41
40
41
33
30
32
28
42
38
36
40
39
41
42
42
38
40
52
50
51
46
37
35
45
45
50
53
63
59
61
51
47
42
54
52
50
38
45
40
42
44
40
37
44
42
46
49
35
50
58
55
70
53
69
66
60
54
57
57
46
50
57
55
48
49
50
51
57
58
52
49
48
48
65
60
76
70
70
64
81
93
93
98
85
100
89
79
77
84
88
94
84
80
94
94
70
67
75
72
70
58
92
86
74
78
73
65
68
79
76
72
101
92
95
102
111
115
89
98
88
112
120
118
107
113
113
110
114
112
107
100
83
114
100
116
123
136
130
107
99
111
117
102
109
98
103
113
111
139
136
126
128
138
116
129
114
113
119
120
95
92
131
131
132
103
89
112
114
114
126
115
133
152
141
108
101
118
151
163
152
139
116
140
131
144
137
138
158
162
138
134
146
159
137
150
140
104
118
128
150
175
177
176
175
180
170
145
158
191
156
171
155
142
120
170
184
184
183
180
175
147
142
130
109
107
154
182
153
211
212
166
188
164
123
132
181
181
195
161
189
177
193
179
163
175
184
143
143
154
189
180
189
195
167
170
197
230
200
185
202
183
192
219
172
169
188
159
171
162
165
152
200
187
208
191
191
202
195
235
242
217
204
190
250
210
165
169
154
154
201
221
216
252
216
222
238
243
199
208
225
232
230
280
254
267
209
197
161
196
191
222
232
282
226
260
236
199
215
207
212
261
223
225
287
296
291
236
224
206
202
249
244
260
252
252
234
277
274
251
245
279
253
231
309
307
327
232
264
341
235
355
309
258
261
256
329
289
313
322
336
308
286
249
265
320
337
289
328
366
320
280
253
278
285
343
318
298
306
258
357
327
275
250
352
313
353
309
283
311
358
402
377
364
329
320
328
290
322
311
329
285
352
306
400
332
376
340
326
322
300
340
444
424
365
334
303
332
430
371
400
410
348
344
409
428
381
425
366
362
346
355
432
358
401
335
337
347
442
421
379
428
437
425
377
358
371
352
379
385
387
322
434
357
371
516
446
414
470
407
371
381
472
425
428
481
485
407
471
406
460
438
493
360
338
425
450
404
371
411
465
428
505
427
503
427
467
378
388
491
382
415
398
457
466
432
478
578
447
511
556
475
438
430
450
431
452
511
491
416
423
452
469
445
483
430
460
441
453
602
495
504
531
463
416
448
596
482
464
487
509
478
501
491
490
482
558
513
481
471
587
471
558
627
481
496
603
543
546
555
456
543
558
546
482
496
611
495
531
600
602
537
568
603
495
572
535
567
574
554
484
699
586
496
632
494
538
552
476
640
561
532
560
539
586
632
552
668
540
646
729
563
579
642
595
588
584
536
645
663
584
684
694
668
542
688
563
703
727
597
658
684
669
656
809
823
724
759
791
804
799
661
701
793
669
745
708
729
606
588
685
745
843
761
777
784
660
650
738
884
803
747
757
807
821
801
865
771
767
722
736
650
722
733
835
