0.000665
0.000609
0.000512
0.000421
0.00042
0.000394
0.000396
0.00044
0.000392
0.000408
0.000386
0.000402
0.000405
0.000382
0.000421
0.000392
0.000414
0.000381
0.000406
0.000367
0.000385
0.000379
0.000388
0.00038
0.000412
0.000362
0.000381
0.000389
0.000389
0.000371
0.000391
0.000366
0.000384
0.000368
0.000395
0.000368
0.000366
0.000375
0.000375
0.000358
0.000368
0.000369
0.000354
0.000374
0.000387
0.000378
0.000352
0.000367
0.00039
0.000391
0.000368
0.000381
0.000381
0.000354
0.000374
0.000358
0.000369
0.000369
0.000367
0.000351
0.000372
0.000372
0.00037
0.000359
0.00039
0.000375
0.000373
0.000359
0.000377
0.000374
0.000383
0.00037
0.000367
0.000353
0.000391
0.000362
0.000369
0.000385
0.000371
0.000381
0.000378
0.00039
0.000382
0.000387
0.000352
0.000371
0.000373
0.000367
0.000372
0.000389
0.000349
0.000367
0.000379
0.000355
0.000371
0.000378
0.000354
0.000367
0.000393
0.000357
