0.000176
9.8e-05
7.1e-05
4.3e-05
5.6e-05
5.4e-05
4.7e-05
4.9e-05
4.9e-05
4.4e-05
4.2e-05
3.8e-05
3.9e-05
3.6e-05
3.4e-05
3.4e-05
5e-05
3.2e-05
3.7e-05
3.6e-05
3.5e-05
3.6e-05
3.5e-05
3.5e-05
3.3e-05
3.5e-05
3.7e-05
3.5e-05
3.4e-05
3.5e-05
3.7e-05
3.6e-05
3.4e-05
3.4e-05
3.5e-05
3.5e-05
3.5e-05
3.5e-05
3.8e-05
3.7e-05
3.8e-05
3.6e-05
5.3e-05
4e-05
3.8e-05
3.8e-05
3.8e-05
3.9e-05
6.6e-05
3.5e-05
3.6e-05
3.5e-05
3.5e-05
3.6e-05
3.6e-05
3.5e-05
3.5e-05
3.6e-05
3.4e-05
3.5e-05
3.6e-05
3.5e-05
3.5e-05
3.4e-05
3.4e-05
3.7e-05
3.5e-05
3.6e-05
3.6e-05
3.5e-05
3.5e-05
3.5e-05
3.7e-05
3.5e-05
3.6e-05
3.4e-05
3.7e-05
3.7e-05
3.6e-05
3.5e-05
3.6e-05
3.8e-05
0.010628
3.8e-05
3.6e-05
3.6e-05
3.5e-05
3.5e-05
3.5e-05
3.6e-05
3.5e-05
4.9e-05
3.5e-05
3.6e-05
3.7e-05
3.7e-05
3.6e-05
3.5e-05
3.6e-05
3.6e-05
