0.0031
1.5e-05
7e-06
4e-06
3e-06
3e-06
3e-06
3e-06
4e-06
5e-06
5e-06
4e-06
4e-06
4e-06
3e-06
4e-06
4e-06
4e-06
3e-06
3e-06
3e-06
4e-06
4e-06
4e-06
4e-06
4e-06
4e-06
4e-06
4e-06
4e-06
4e-06
4e-06
4e-06
4e-06
4e-06
4e-06
4e-06
4e-06
3e-06
4e-06
3e-06
3e-06
3e-06
4e-06
4e-06
4e-06
4e-06
3e-06
4e-06
5e-06
4e-06
4e-06
4e-06
4e-06
4e-06
4e-06
4e-06
4e-06
4e-06
4e-06
4e-06
4e-06
3e-06
5e-06
4e-06
3e-06
5e-06
4e-06
4e-06
4e-06
4e-06
4e-06
4e-06
4e-06
4e-06
3e-06
4e-06
4e-06
4e-06
5e-06
4e-06
4e-06
4e-06
4e-06
4e-06
4e-06
4e-06
3e-06
4e-06
4e-06
5e-06
4e-06
4e-06
4e-06
4e-06
4e-06
4e-06
3e-06
4e-06
5e-06
