8.8e-05
2.2e-05
1.6e-05
1.5e-05
1.5e-05
1.5e-05
1.5e-05
1.4e-05
1.5e-05
1.5e-05
1.5e-05
1.5e-05
1.5e-05
1.6e-05
1.6e-05
1.5e-05
1.6e-05
1.6e-05
1.6e-05
1.5e-05
1.5e-05
1.6e-05
1.6e-05
1.5e-05
1.5e-05
1.5e-05
1.5e-05
1.5e-05
1.5e-05
1.5e-05
1.5e-05
1.5e-05
1.4e-05
1.5e-05
3e-05
1.6e-05
1.6e-05
1.5e-05
1.6e-05
1.4e-05
1.5e-05
1.6e-05
1.6e-05
1.4e-05
1.6e-05
1.4e-05
1.6e-05
1.6e-05
1.6e-05
1.6e-05
1.4e-05
1.5e-05
1.5e-05
1.5e-05
1.5e-05
1.5e-05
1.6e-05
1.5e-05
1.6e-05
1.6e-05
1.5e-05
1.7e-05
1.6e-05
0.003399
1.6e-05
1.5e-05
1.5e-05
1.5e-05
1.6e-05
1.6e-05
1.5e-05
1.6e-05
1.5e-05
1.5e-05
1.7e-05
1.6e-05
1.5e-05
1.5e-05
1.5e-05
1.5e-05
1.6e-05
1.5e-05
1.6e-05
1.5e-05
1.5e-05
1.5e-05
1.6e-05
1.6e-05
1.6e-05
1.5e-05
1.5e-05
1.5e-05
1.6e-05
1.6e-05
1.4e-05
1.5e-05
1.4e-05
1.5e-05
1.5e-05
1.6e-05
