6.8e-05
1.2e-05
1.1e-05
1e-05
1e-05
1e-05
1e-05
1.1e-05
1.1e-05
1.1e-05
1.1e-05
1.1e-05
1.1e-05
1.1e-05
1.1e-05
1e-05
1.1e-05
1.1e-05
1.1e-05
1.1e-05
1.2e-05
1.1e-05
1.1e-05
1.1e-05
1.1e-05
1.1e-05
1.1e-05
1.1e-05
1.1e-05
1.1e-05
1.1e-05
1.1e-05
1.1e-05
1.1e-05
1.1e-05
1.1e-05
1.1e-05
1.1e-05
1.1e-05
1.1e-05
1e-05
1e-05
1.1e-05
1.1e-05
1.1e-05
1.1e-05
1e-05
1e-05
1.1e-05
1.1e-05
1.1e-05
1.1e-05
1.1e-05
1.1e-05
1.1e-05
1.1e-05
2.6e-05
1.2e-05
1.1e-05
1.2e-05
1.2e-05
1e-05
1.1e-05
1.1e-05
1.1e-05
1.1e-05
1.2e-05
1.1e-05
1.2e-05
1.1e-05
1e-05
1.1e-05
1.1e-05
1.1e-05
1.1e-05
1.1e-05
1.1e-05
1.1e-05
1.2e-05
1.1e-05
1.1e-05
1.1e-05
1.2e-05
1.2e-05
1.2e-05
1.2e-05
1.2e-05
1.2e-05
1.2e-05
1.1e-05
1.1e-05
1.1e-05
1.1e-05
1.2e-05
1.1e-05
1.1e-05
1.1e-05
0.003862
1.2e-05
1.2e-05
