0.000433
0.000223
0.000192
0.000192
0.000183
0.000204
0.000199
0.000183
0.000199
0.000226
0.000201
0.000192
0.000191
0.000216
0.000225
0.000236
0.000225
0.000235
0.000235
0.00019
0.000166
0.000165
0.000164
0.000164
0.000181
0.000177
0.000169
0.000169
0.00017
0.000169
0.000169
0.000169
0.000169
0.000169
0.000169
0.000169
0.00018
0.000164
0.000164
0.000164
0.000163
0.000178
0.000175
0.000169
0.000169
0.000169
0.000169
0.00017
0.00018
0.000164
0.000164
0.000165
0.000164
0.000164
0.000164
0.000163
0.000164
0.000164
0.000163
0.000164
0.000163
0.000164
0.000164
0.000164
0.000164
0.000164
0.000168
0.000164
0.000164
0.000163
0.000164
0.000164
0.000163
0.000164
0.000164
0.000163
0.000164
0.000164
0.000164
0.000164
0.000164
0.000164
0.000163
0.000164
0.000164
0.000164
0.000164
0.000163
0.000164
0.000164
0.000165
0.000165
0.000164
0.000164
0.000164
0.000164
0.000164
0.000164
0.000164
0.000164
