0.001991
0.001045
0.001061
0.001022
0.00103
0.001007
0.001079
0.000979
0.000986
0.001001
0.001004
0.000981
0.001083
0.001047
0.001003
0.000984
0.001044
0.001027
0.000966
0.001018
0.000912
0.000895
0.000898
0.000901
0.000901
0.000892
0.001004
0.000934
0.000954
0.001062
0.00107
0.00107
0.001052
0.000901
0.000926
0.000996
0.000754
0.000384
0.000213
0.000136
0.000117
0.000117
0.000116
0.000117
0.000113
0.000112
0.000111
0.000111
0.00013
0.000107
0.000106
0.000105
0.000105
0.000105
0.000105
0.000105
0.000105
0.000121
0.000108
0.000109
0.000108
0.000108
0.000108
0.000108
0.000109
0.000111
0.00011
0.000109
0.000112
0.000112
0.000111
0.000109
0.000108
0.000114
0.000169
0.000151
0.000144
0.000149
0.000312
0.000293
0.000171
0.000139
0.000122
0.000115
0.000113
0.000114
0.000115
0.000129
0.00012
0.000119
0.000115
0.000148
0.000128
0.000161
0.000146
0.000146
0.000209
0.000211
0.000169
0.00016
