0.000788
0.00075
0.000761
0.000708
0.000625
0.000642
0.000681
0.000697
0.000695
0.00061
0.00061
0.000614
0.000674
0.000649
0.000664
0.000732
0.000721
0.000719
0.000723
0.000819
0.000723
0.000656
0.000625
0.000674
0.000638
0.00065
0.000644
0.000646
0.000633
0.000629
0.000639
0.000637
0.000702
0.000679
0.000638
0.000635
0.000766
0.000829
0.000758
0.000713
0.000688
0.00071
0.000619
0.000652
0.000598
0.00066
0.000603
0.000677
0.000673
0.000626
0.000598
0.000666
0.00064
0.000674
0.00064
0.000695
0.000626
0.00063
0.00064
0.000755
0.000667
0.00098
0.000713
0.000729
0.000691
0.000633
0.000672
0.000778
0.000807
0.0007
0.000676
0.000647
0.000818
0.00079
0.000694
0.000681
0.000679
0.000707
0.000668
0.000648
0.0007
0.000716
0.000673
0.000672
0.000663
0.000652
0.000652
0.000724
0.000779
0.000711
0.000684
0.000679
0.000734
0.000798
0.000567
0.000561
0.000643
0.00065
0.000644
0.00065
