0.001263
0.000274
0.000355
0.000334
0.000327
0.000721
0.000691
0.000709
0.000698
0.000657
0.000696
0.000697
0.000672
0.00068
0.00063
0.000608
0.000589
0.000572
0.000581
0.000575
0.000577
0.000855
0.000839
0.000868
0.000945
0.001008
0.001071
0.001048
0.001084
0.000964
0.001002
0.000863
0.000881
0.000891
0.001048
0.00104
0.000924
0.00092
0.000857
0.000968
0.000848
0.000864
0.000862
0.000816
0.00085
0.000948
0.000863
0.000883
0.000899
0.000899
0.001238
0.001421
0.001256
0.001394
0.001428
0.001217
0.001191
0.001077
0.00103
0.000984
0.00133
0.001449
0.001215
0.001183
0.001103
0.001032
0.001058
0.001404
0.001498
0.001266
0.001213
0.001188
0.001056
0.001444
0.001386
0.001625
0.001255
0.001186
0.001171
0.001357
0.001381
0.001437
0.001315
0.001215
0.00146
0.001374
0.001575
0.001478
0.001232
0.001576
0.001495
0.001421
0.001358
0.001559
0.001631
0.001515
0.001476
0.002544
0.002035
0.001875
0.00178
0.002246
0.002597
0.002004
0.002269
0.002355
0.002093
0.002009
0.002164
0.002062
0.001962
0.002575
0.002244
0.002265
0.002535
0.00285
0.002086
0.002757
0.002434
0.002241
0.00275
0.0029
0.002922
0.002808
0.002153
0.002503
0.002691
0.002676
0.00249
0.002526
0.002473
0.002356
0.002722
0.002761
0.002324
0.002668
0.002483
0.00256
0.002659
0.002697
0.002894
0.0028
0.00271
0.002722
0.003019
0.002813
0.002809
0.002712
0.002952
0.00292
0.002819
0.002976
0.002972
0.002786
0.003231
0.003171
0.002965
0.003118
0.002968
0.003227
0.003357
0.003117
0.003121
0.002972
0.003213
0.003592
0.004001
0.003673
0.003821
0.003767
0.00333
0.004161
0.003657
0.003558
0.003824
0.003725
0.004513
0.004472
0.003826
0.00365
0.003798
0.003869
0.003883
0.003814
0.003844
0.004558
0.004006
0.004205
0.004191
0.005029
0.004536
0.004357
0.00408
0.004036
0.004709
0.004761
0.003935
0.004816
0.005021
0.005088
0.004432
0.004873
0.004561
0.005291
0.004784
0.004854
0.004236
0.004883
0.005108
0.004299
0.004545
0.004651
0.00461
0.004942
0.004471
0.005018
0.004738
0.005264
0.005062
0.005828
0.00546
0.0047
0.004324
0.004886
0.005551
0.005386
0.00548
0.004667
0.004968
0.005052
0.004827
0.00535
0.005254
0.006363
0.004541
0.005584
0.005471
0.005703
0.005531
0.005434
0.005271
0.005202
0.005435
0.005286
0.0057
0.005864
0.005983
0.005554
0.005497
0.005809
0.00679
0.005693
0.005763
0.006287
0.007395
0.005674
0.006015
0.006241
0.006357
0.006578
0.006426
0.006598
0.006271
0.006492
0.007145
0.006534
0.006392
0.006328
0.006649
0.006569
0.007264
0.007453
0.007078
0.007041
0.007299
0.006758
0.00661
0.006391
0.007323
0.007169
0.006744
0.007289
0.006894
0.006961
0.007295
0.007889
0.007184
0.006904
0.007792
0.007311
0.006954
0.007728
0.007276
0.007
0.007884
0.007983
0.00765
0.00736
0.006748
0.008145
0.007355
0.007579
0.007779
0.008126
0.007762
0.007892
0.007753
0.007326
0.008299
0.007187
0.008062
0.007077
0.008727
0.008033
0.007648
0.008306
0.007712
0.007596
0.007668
0.008031
0.007856
0.008312
0.00824
0.007771
0.007901
0.008181
0.008957
0.008587
0.007665
0.007965
0.008117
0.008021
0.008871
0.007959
0.009018
0.007856
0.008404
0.007825
0.008436
0.008197
0.007769
0.009539
0.008765
0.008573
0.00888
0.008569
0.008295
0.009031
0.008885
0.008201
0.008622
0.00811
0.008126
0.008551
0.008457
0.008214
0.009281
0.008289
0.009025
0.009073
0.009038
0.009042
0.00905
0.00884
0.008787
0.009422
0.00948
0.009359
0.009385
0.009393
0.009444
0.009576
0.009199
0.009608
0.009769
0.009706
0.009197
0.010025
0.009686
0.009711
0.01018
0.009579
0.009298
0.010431
0.009397
0.009507
0.009829
0.010378
0.010227
0.010548
0.009884
0.00978
0.01075
0.010103
0.010161
0.010285
0.009898
0.010072
0.010782
0.010301
0.010541
0.009697
0.01108
0.010301
0.010992
0.010594
0.011688
0.0102
0.010317
0.010832
0.010895
0.010862
0.010815
0.011078
0.010867
0.011152
0.01116
0.011192
0.011427
0.011082
0.011496
0.011172
0.011572
0.011033
0.011751
0.01181
0.011383
0.011564
0.012148
0.011814
0.011827
0.011487
0.011635
0.011639
0.011588
0.012339
0.011685
0.012303
0.011632
0.012742
0.012232
0.012126
0.011905
0.011765
0.012704
0.012958
0.012476
0.01244
0.013266
0.012186
0.013691
0.013123
0.01338
0.012733
0.013406
0.013677
0.012891
0.011812
0.013368
0.012729
0.012924
0.013043
0.012658
0.014058
0.013343
0.012685
0.014097
0.013165
0.013395
0.014344
0.013589
0.013535
0.014243
0.013695
0.013494
0.01431
0.013791
0.015022
0.014767
0.013979
0.013643
0.014187
0.014604
0.013734
0.014173
0.014538
0.014279
0.013724
0.014803
0.015181
0.014299
0.014194
0.014869
0.014699
0.014859
0.014649
0.015084
0.015044
0.014264
0.015244
0.015508
0.01499
0.015501
0.015011
0.015348
0.01594
0.015128
0.015752
0.015878
0.015845
0.014944
0.015905
0.016334
0.015481
0.01607
0.016546
0.016428
0.016442
0.016772
0.016892
0.01609
0.015586
0.01574
0.016412
0.017042
0.015951
0.016495
0.016454
0.016552
0.016946
0.017155
0.017334
0.017105
0.017441
0.016541
0.015934
0.01645
0.017177
0.016747
0.016935
0.017869
0.018537
0.017354
0.017427
0.017245
0.016998
0.017711
0.017732
0.018024
0.018604
0.016922
0.018278
0.017776
0.018458
0.018689
0.018078
0.018007
0.018807
0.017836
0.018473
0.018493
0.019116
0.018452
0.018204
0.019293
0.019781
0.019547
0.018143
0.018926
0.01966
0.019568
0.019469
0.019343
0.019754
0.018521
0.019342
0.019206
0.019454
0.020662
0.020879
0.019992
0.019621
0.019334
0.019367
0.021645
0.019327
0.020436
0.020164
0.019799
0.020825
0.019766
0.019877
0.020677
0.020939
0.021652
0.020692
0.02094
0.020749
0.020928
0.02128
0.021445
0.02024
0.019815
0.020487
0.020907
0.020816
0.021441
0.021513
0.021787
0.02181
0.02134
0.021238
0.021144
0.023263
0.021758
0.022928
0.021888
0.021404
0.022213
0.022848
0.023131
0.022199
0.022006
0.024006
0.022823
0.022555
0.023172
0.023672
0.022145
0.023058
0.022305
0.023398
0.023518
0.023188
0.023401
0.025288
0.024774
0.024206
0.022694
0.025489
0.023803
0.022716
0.024113
0.023829
0.0243
0.024064
0.026203
0.025166
0.023584
0.025144
0.025337
0.024067
0.024732
0.025573
0.024571
0.025135
0.02377
0.024614
0.024563
0.025761
0.023986
0.025104
0.025419
0.026027
0.026865
0.02597
0.02567
0.024162
0.026726
0.026055
0.025722
0.027592
0.026791
0.025634
0.026052
0.026237
0.028562
0.028638
0.025888
0.026567
0.027209
0.027234
0.027266
0.027361
0.026014
0.028375
0.027551
0.027256
0.026427
0.028312
0.02645
0.029852
0.027485
0.028178
0.028712
0.027514
0.029629
0.029213
0.029095
0.029047
0.029486
0.028136
0.027476
0.029394
0.030422
0.028495
0.028938
0.028662
0.028759
0.029181
0.028801
0.060923
0.02986
0.028442
0.048166
0.029357
0.02983
0.030331
0.031474
0.057851
0.03066
0.030068
0.029131
0.031209
0.031535
0.028258
0.032086
0.031153
0.03114
0.030197
0.031594
0.031181
0.032808
0.030904
0.033133
0.030373
0.031879
0.032692
0.031525
0.030929
0.031691
0.030921
0.032358
0.033168
0.034211
0.032129
0.031054
0.032867
0.033189
0.031802
0.033594
0.032916
0.031313
0.033955
0.032296
0.032393
0.032013
0.033852
0.032359
0.032748
0.032824
0.033324
0.03311
0.033582
0.035509
0.03454
0.034905
0.03428
0.034553
0.034831
0.034781
0.034716
0.034668
0.03379
0.032968
0.034811
0.033325
0.049165
0.034513
0.034539
0.035757
0.044949
0.034288
0.035651
0.034098
0.033364
0.034802
0.03664
0.037338
0.036268
0.036323
0.037193
0.035436
0.037188
0.035698
0.036191
0.036991
0.035535
