0.001756
0.00209
0.001883
0.001869
0.001816
0.002129
0.001847
0.001907
0.00178
0.001738
0.001739
0.00173
0.001813
0.00189
0.001959
0.001885
0.001948
0.001809
0.001867
0.001741
0.002007
0.002162
0.002029
0.00197
0.001978
0.001884
0.00178
0.001874
0.001987
0.002331
0.002137
0.002023
0.00189
0.001856
0.002036
0.001912
0.002013
0.001759
0.002026
0.002153
0.002147
0.001751
0.001788
0.001786
0.001751
0.001799
0.001787
0.001893
0.001939
0.001945
0.001872
0.001784
0.001802
0.001785
0.001798
0.002001
0.0019
0.002021
0.001794
0.001793
0.001794
0.001783
0.00187
0.001829
0.001805
0.001905
0.001778
0.001767
0.001891
0.001799
0.001793
0.001783
0.001946
0.001891
0.001813
0.001873
0.001842
0.001858
0.001989
0.001757
0.001745
0.001731
0.001839
0.001891
0.002097
0.002163
0.001995
0.001888
0.001889
0.002041
0.002164
0.002331
0.002173
0.002244
0.001917
0.001891
0.001847
0.00176
0.001723
0.001767
