0.00145
0.00148
0.001543
0.001388
0.001374
0.001339
0.001325
0.001323
0.001399
0.001507
0.001243
0.001242
0.001278
0.001276
0.001238
0.00128
0.001277
0.001279
0.001443
0.001417
0.001407
0.0014
0.001429
0.001469
0.001231
0.001229
0.001245
0.001273
0.001274
0.001283
0.001299
0.001277
0.001273
0.001274
0.001275
0.001272
0.001277
0.001233
0.00124
0.001271
0.001259
0.00127
0.001262
0.001383
0.001416
0.001223
0.001272
0.001384
0.001297
0.0013
0.001295
0.001262
0.001264
0.001266
0.00129
0.001301
0.001422
0.00127
0.001263
0.001268
0.001454
0.001393
0.001401
0.00143
0.001299
0.0013
0.001314
0.001299
0.001293
0.001457
0.001232
0.001185
0.001272
0.001269
0.00127
0.001265
0.001266
0.001262
0.001266
0.001229
0.001249
0.001254
0.001501
0.001388
0.001311
0.001312
0.001305
0.001213
0.001213
0.001259
0.001249
0.001313
0.001471
0.001477
0.001363
0.001346
0.001309
0.001308
0.00131
0.00124
