0.000117
4.4e-05
2.9e-05
2.5e-05
2.5e-05
2.4e-05
2.7e-05
2.8e-05
2.8e-05
2.7e-05
2.6e-05
2.5e-05
2.3e-05
2.3e-05
2.5e-05
2.3e-05
2.3e-05
2.1e-05
2.2e-05
2e-05
2.4e-05
2.2e-05
2.2e-05
2.2e-05
2.3e-05
2.1e-05
2.2e-05
2.1e-05
3.6e-05
2.1e-05
2.1e-05
2.3e-05
2.2e-05
2.2e-05
2.2e-05
2.1e-05
2.2e-05
2.3e-05
2.3e-05
2.2e-05
2.1e-05
2.3e-05
2.3e-05
2.3e-05
2.2e-05
2.2e-05
2.2e-05
2.3e-05
2.2e-05
2.2e-05
2.3e-05
2.2e-05
2.2e-05
2.4e-05
2.2e-05
2.1e-05
2.3e-05
2.1e-05
2.3e-05
2.3e-05
2.2e-05
2.4e-05
2.3e-05
2.2e-05
2.3e-05
2.2e-05
2.2e-05
2.3e-05
2.3e-05
3.8e-05
2.4e-05
2.4e-05
2.4e-05
2.5e-05
2.4e-05
2.4e-05
2.4e-05
2.4e-05
2.4e-05
2.3e-05
2.4e-05
2.5e-05
2.4e-05
2.4e-05
2.4e-05
2.4e-05
2.4e-05
2.3e-05
2.4e-05
2.2e-05
2.4e-05
2.4e-05
2.4e-05
2.4e-05
2.3e-05
2.4e-05
2.4e-05
2.5e-05
2.5e-05
2.5e-05
