0.000891
0.000685
0.000741
0.000667
0.000676
0.000563
0.000539
0.000539
0.000539
0.000556
0.000544
0.000542
0.000539
0.000538
0.000538
0.000545
0.000538
0.000538
0.000539
0.000537
0.000539
0.00053
0.000529
0.000555
0.000529
0.000526
0.00053
0.000529
0.000529
0.000554
0.000546
0.000551
0.000529
0.000529
0.000529
0.00053
0.000529
0.000535
0.000529
0.000531
0.000529
0.000527
0.000529
0.00053
0.000533
0.000529
0.000555
0.000545
0.000573
0.000573
0.000581
0.000591
0.000578
0.000562
0.000567
0.000562
0.000558
0.00056
0.00056
0.000567
0.000561
0.000562
0.00056
0.000562
0.000559
0.000559
0.000566
0.00056
0.000562
0.000561
0.00056
0.00056
0.000563
0.000566
0.000561
0.000559
0.00056
0.000558
0.00056
0.000559
0.000565
0.000586
0.000574
0.000571
0.000567
0.000563
0.00056
0.000566
0.000561
0.000563
0.000653
0.000755
0.000748
0.000774
0.000636
0.00062
0.000602
0.000596
0.00059
0.000601
