0.000692
0.000478
0.000495
0.000477
0.000538
0.000482
0.000545
0.000475
0.00042
0.000393
0.000398
0.000388
0.000384
0.00042
0.000398
0.000398
0.000395
0.000395
0.000395
0.000393
0.000404
0.00038
0.000382
0.000389
0.000383
0.000383
0.000382
0.000385
0.00039
0.000371
0.00037
0.000371
0.000371
0.00037
0.000378
0.000383
0.000372
0.000371
0.00037
0.000369
0.00037
0.00037
0.000371
0.000371
0.000376
0.000371
0.000371
0.000372
0.000371
0.000371
0.00037
0.000371
0.000371
0.000373
0.000373
0.000378
0.000374
0.000372
0.000371
0.000371
0.000371
0.000371
0.000371
0.00037
0.000372
0.00037
0.000376
0.00037
0.000369
0.000371
0.00037
0.00037
0.000369
0.00037
0.000371
0.000371
0.000369
0.000374
0.00037
0.00039
0.000382
0.000379
0.000376
0.000372
0.00037
0.00037
0.000369
0.000376
0.000371
0.000372
0.00037
0.000371
0.00037
0.00037
0.00037
0.000371
0.00037
0.00037
0.000378
0.000371
