0.000976
0.000459
0.000334
0.000319
0.000356
0.000319
0.000319
0.000306
0.000312
0.000296
0.000306
0.000315
0.000257
0.000342
0.000312
0.000299
0.000283
0.000278
0.000296
0.000278
0.000308
0.000247
0.000224
0.000246
0.000234
0.000224
0.00038
0.000273
0.000267
0.000263
0.000271
0.000263
0.000267
0.000275
0.000266
0.000278
0.000277
0.000279
0.000268
0.000275
0.000269
0.000272
0.000281
0.000303
0.000319
0.000323
0.000307
0.000322
0.000306
0.000326
0.000322
0.000315
0.00033
0.000323
0.00029
0.000291
0.00029
0.000287
0.00029
0.000288
0.000292
0.000287
0.000298
0.000293
0.000289
0.000288
0.000284
0.000392
0.00028
0.000282
0.000278
0.000284
0.000285
0.000281
0.000285
0.000282
0.000279
0.00028
0.00028
0.000281
0.00028
0.000284
0.00028
0.000277
0.000281
0.000279
0.000282
0.000284
0.000281
0.00028
0.00028
0.000351
0.000285
0.000305
0.000313
0.000324
0.000327
0.000323
0.000329
0.000327
