0.003544
0.003663
0.003585
0.003792
0.003557
0.002941
0.00252
0.00301
0.003554
0.003656
0.00374
0.003414
0.003157
0.00315
0.003321
0.003413
0.003221
0.003287
0.003291
0.003208
0.003213
0.003215
0.003482
0.003162
0.003152
0.00313
0.003247
0.003259
0.003269
0.003233
0.003219
0.003057
0.00314
0.003111
0.003265
0.003377
0.003722
0.003545
0.00325
0.003263
0.003139
0.003117
0.003002
0.003006
0.003257
0.003153
0.00321
0.003762
0.003595
0.003729
0.003122
0.00337
0.003383
0.003344
0.003338
0.003123
0.003456
0.003806
0.003413
0.003133
0.003035
0.003265
0.003732
0.0038
0.003532
0.003192
0.003709
0.003441
0.003582
0.00412
0.003088
0.002986
0.00314
0.003184
0.003179
0.003566
0.003725
0.003458
0.003151
0.003126
0.003699
0.003122
0.003629
0.003517
0.00373
0.004001
0.003345
0.003589
0.003584
0.003786
0.003706
0.003807
0.003881
0.003535
0.003183
0.003564
0.003605
0.00358
0.003763
0.003795
