0.001081
0.001169
0.001167
0.001327
0.00116
0.001035
0.00105
0.000885
0.000982
0.001082
0.000983
0.000979
0.000983
0.000993
0.001034
0.000958
0.000943
0.000961
0.000961
0.000943
0.000954
0.00102
0.000948
0.000969
0.001104
0.001127
0.000989
0.001016
0.001021
0.00112
0.001015
0.000954
0.00095
0.000931
0.000934
0.00093
0.001071
0.00093
0.001074
0.001228
0.001077
0.001079
0.00098
0.000969
0.000966
0.000973
0.000969
0.000966
0.000959
0.000958
0.000965
0.000994
0.001002
0.000997
0.001107
0.001003
0.001004
0.000997
0.000996
0.000986
0.000976
0.000967
0.000929
0.0009
0.000895
0.000901
0.000899
0.000943
0.000935
0.000946
0.000928
0.000939
0.000902
0.000916
0.000904
0.000917
0.000941
0.000931
0.000931
0.00091
0.000898
0.000898
0.0009
0.000898
0.000896
0.000958
0.000936
0.000894
0.001009
0.000943
0.000946
0.000945
0.000933
0.000942
0.000944
0.00094
0.000947
0.000899
0.000903
0.000903
