0.002364
0.002757
0.002715
0.002353
0.002265
0.002856
0.002318
0.002339
0.002367
0.002373
0.002376
0.00251
0.002406
0.002465
0.002417
0.002736
0.002571
0.00259
0.002466
0.002623
0.002488
0.002564
0.002585
0.002548
0.002478
0.002613
0.002874
0.002749
0.002747
0.002967
0.002955
0.002348
0.002465
0.002344
0.002641
0.002641
0.002505
0.002376
0.002358
0.002403
0.002696
0.002654
0.002427
0.00251
0.002377
0.00247
0.002712
0.002392
0.002363
0.002405
0.002755
0.002989
0.002546
0.002059
0.002249
0.002514
0.00273
0.002683
0.003005
0.002944
0.002399
0.002421
0.002611
0.003024
0.002996
0.002827
0.00267
0.002597
0.002406
0.002718
0.002416
0.002501
0.002389
0.002433
0.002365
0.002365
0.002381
0.002694
0.002387
0.002511
0.002504
0.002497
0.002334
0.002472
0.002513
0.002494
0.002199
0.002769
0.002898
0.002361
0.002486
0.002706
0.003061
0.002721
0.002625
0.002994
0.002599
0.002486
0.002868
0.002767
