0.002298
2e-05
1.7e-05
1.3e-05
1.5e-05
1.5e-05
2.3e-05
2.7e-05
1.7e-05
2.6e-05
2.2e-05
3.1e-05
3.1e-05
3e-05
2.3e-05
2.3e-05
2.3e-05
2.3e-05
2.2e-05
2.2e-05
2.3e-05
2.5e-05
2.5e-05
2.5e-05
2.6e-05
2.7e-05
2.7e-05
2.8e-05
3e-05
2.8e-05
3.9e-05
4.6e-05
4.1e-05
4.7e-05
5.1e-05
6.1e-05
4.3e-05
4.5e-05
4.2e-05
4.7e-05
4.8e-05
4.1e-05
4.2e-05
4.7e-05
4.8e-05
4.9e-05
6.4e-05
4.9e-05
6.9e-05
6e-05
6.1e-05
6.3e-05
7.3e-05
6.1e-05
6e-05
5.9e-05
6.1e-05
6.5e-05
8.2e-05
0.000115
8.2e-05
0.000861
0.000107
9.5e-05
0.000105
0.000141
0.00012
0.000126
0.000127
0.000162
0.000131
0.000122
0.000165
0.000118
0.000136
0.000139
0.000131
0.0001
0.000134
0.000148
0.000137
0.000168
0.000142
0.000146
0.000161
0.000158
0.00021
0.00018
0.000176
0.000281
0.000233
0.000168
0.000178
0.000151
0.000153
0.000178
0.000191
0.000181
0.000166
0.000161
0.000202
0.000163
0.01218
0.00016
0.000311
0.000266
0.00018
0.012164
0.012213
0.000212
0.000228
0.000207
0.000234
0.000236
0.00023
0.000224
0.000244
0.000225
0.000244
0.000243
0.000242
0.012288
0.000276
0.000231
0.000269
0.000201
0.000184
0.000195
0.00022
0.000191
0.000217
0.000223
0.000207
0.000259
0.00027
0.000226
0.000288
0.000274
0.000305
0.000298
0.000397
0.000306
0.00027
0.000287
0.000273
0.000255
0.012343
0.000283
0.000272
0.000356
0.000287
0.000382
0.012331
0.000287
0.000292
0.000347
0.000334
0.000338
0.000286
0.000237
0.000267
0.000256
0.000405
0.000299
0.000349
0.00042
0.000334
0.000367
0.000354
0.012426
0.000361
0.000329
0.000353
0.000371
0.000369
0.000311
0.000315
0.000278
0.000447
0.000468
0.00031
0.000327
0.000291
0.000288
0.000295
0.000303
0.000369
0.000361
0.000369
0.000335
0.000469
0.012299
0.000341
0.000451
0.000279
0.000375
0.0124
0.01239
0.012569
0.012369
0.000328
0.000372
0.000469
0.000596
0.000522
0.00046
0.000428
0.00036
0.000371
0.012344
0.000408
0.000366
0.000334
0.00039
0.000366
0.00032
0.00043
0.0004
0.000409
0.000362
0.00037
0.000458
0.000628
0.012325
0.000334
0.000315
0.000399
0.012461
0.00039
0.000393
0.000486
0.000566
0.000589
0.000552
0.000686
0.000494
0.000677
0.000447
0.000442
0.001026
0.000653
0.000419
0.000519
0.000452
0.000757
0.0004
0.000612
0.001531
0.000724
0.000571
0.000682
0.000811
0.000802
0.000743
0.000741
0.00053
0.000573
0.000443
0.000466
0.000522
0.00054
0.000493
0.000448
0.001637
0.000701
0.000668
0.001275
0.000703
0.000542
0.000845
0.000825
0.002198
0.000649
0.000639
0.000472
0.001245
0.000569
0.00142
0.00056
0.000626
0.002148
0.000957
0.000781
0.000777
0.000488
0.000551
0.000684
0.000632
0.000897
0.000782
0.000637
0.000857
0.000877
0.00064
0.001432
0.000833
0.000679
0.001047
0.000594
0.001178
0.000818
0.002557
0.000606
0.000581
0.000705
0.000759
0.000644
0.000591
0.000706
0.000834
0.003
0.00104
0.000973
0.003313
0.001095
0.001109
0.00094
0.001109
0.000976
0.001781
0.002102
0.004252
0.000862
0.000657
0.000657
0.000813
0.002558
0.000631
0.000832
0.000927
0.000751
0.003625
0.001059
0.001066
0.002773
0.000854
0.002683
0.000714
0.004398
0.000631
0.001079
0.001237
0.001153
0.001155
0.001182
0.000715
0.000882
0.00244
0.001297
0.000928
0.000764
0.002704
0.000889
0.000898
0.001943
0.001332
0.001267
0.001229
0.001305
0.001186
0.001384
0.001344
0.00134
0.001194
0.001833
0.001067
0.002569
0.001145
0.000742
0.001051
0.000786
0.001094
0.000779
0.013008
0.000773
0.000996
0.002497
0.000815
0.000906
0.000752
0.000761
0.000859
0.000969
0.003041
0.002192
0.000801
0.000806
0.002213
0.00087
0.002434
0.000835
0.000813
0.000801
0.001991
0.009923
0.002925
0.006802
0.000899
0.000897
0.000918
0.002887
0.001099
0.0009
0.000861
0.001016
0.000882
0.000886
0.010401
0.00089
0.000919
0.001817
0.000892
0.000999
0.002106
0.000928
0.000938
0.000942
0.001055
0.001015
0.002597
0.001046
0.003099
0.001134
0.001223
0.003266
0.001016
0.001034
0.001059
0.004164
0.00306
0.001025
0.000987
0.000938
0.003188
0.000961
0.002976
0.000967
0.00097
0.001015
0.001015
0.001182
0.001034
0.007138
0.00304
0.001567
0.004226
0.00533
0.001033
0.001046
0.002923
0.001068
0.001063
0.001995
0.00526
0.001242
0.005884
0.007267
0.004254
0.001651
0.006045
0.001999
0.001093
0.001094
0.001721
0.006049
0.001836
0.003583
0.001798
0.001172
0.001277
0.0024
0.001168
0.002119
0.001178
0.003307
0.001221
0.003271
0.001251
0.001878
0.001825
0.00186
0.001919
0.001888
0.001919
0.001983
0.004898
0.002039
0.001983
0.005569
0.002025
0.001966
0.00242
0.001965
0.002113
0.004623
0.001977
0.001998
0.002083
0.002133
0.00207
0.002102
0.001447
0.001404
0.001344
0.004615
0.00263
0.001412
0.001377
0.005081
0.005951
0.003125
0.002032
0.002093
0.004065
0.00219
0.006847
0.0022
0.005228
0.002216
0.001822
0.001488
0.001491
0.005301
0.001688
0.001457
0.002866
0.001459
0.001454
0.002151
0.002255
0.00552
0.002183
0.008613
0.005269
0.002943
0.00204
0.001518
0.001555
0.001488
0.005025
0.001516
0.001639
0.00342
0.001558
0.001543
0.006142
0.00159
0.001549
0.002099
0.001691
0.001808
0.001578
0.001606
0.00162
0.001667
0.006159
0.001838
0.006006
0.001592
0.005763
0.001622
0.002246
0.005557
0.001636
0.001611
0.001671
0.001671
0.001653
0.005972
0.003968
0.001967
0.001652
0.001667
0.001708
0.008721
0.003803
0.001697
0.001792
0.001799
0.003555
0.006009
0.00608
0.005092
0.003027
0.001721
0.001807
0.005327
0.001738
0.006289
0.005173
0.014723
0.001827
0.001843
0.006074
0.002322
0.003118
0.003281
0.001991
0.001819
0.001777
0.005601
0.00189
0.00186
0.003269
0.001834
0.00224
0.005737
0.005079
0.002834
0.005392
0.010279
0.002944
0.005776
0.006808
0.007814
0.021219
0.006193
0.005514
0.005539
0.008713
0.002937
0.003237
0.007809
0.003026
0.010283
0.007602
0.005346
0.003028
0.010084
0.003808
0.007895
0.005171
0.003081
0.011711
0.003058
0.003088
0.003037
0.008389
0.006441
0.007042
0.003874
0.030321
0.017004
0.005302
0.002151
0.016285
0.002329
0.005764
0.009235
0.008537
0.016675
0.006098
0.010982
0.007292
0.021622
0.012533
0.006118
0.007723
0.015569
0.006668
0.007585
0.038411
0.02422
0.009142
0.009665
0.011124
0.010488
0.002577
0.007897
0.003366
0.040575
0.015267
0.017312
0.018177
0.006715
0.007233
0.009529
0.009366
0.009559
0.002657
0.008587
0.002408
0.012855
0.002661
0.009122
0.002842
0.01923
0.013177
0.00277
0.004731
0.002714
0.039452
0.006343
0.004549
0.010216
0.043562
0.005179
0.009841
0.005419
0.004255
0.005551
0.003506
0.002805
0.006754
0.006078
0.010997
0.00372
0.006444
0.011486
0.006765
0.012586
0.011091
0.007077
0.012437
0.007022
0.004544
0.010331
0.005793
0.002987
0.008819
0.003183
0.012108
0.019242
0.005283
0.041385
0.028265
0.003135
0.004136
0.017984
0.011584
0.009328
0.013298
0.012169
0.010089
0.018298
0.0129
0.005852
0.010867
0.013633
0.009904
0.011278
0.009369
0.009165
0.004968
0.017163
0.019128
0.009091
0.010144
0.008192
0.019668
0.024488
0.017063
0.02007
0.017825
0.005154
0.020804
0.004116
0.050449
0.010413
0.021828
0.010722
0.013253
0.013696
0.016484
0.01251
0.006269
0.014682
0.008098
0.009646
0.012421
0.023427
0.019356
0.022649
0.026456
0.032615
0.01426
0.022614
0.016119
0.016974
0.03432
0.022206
0.00891
0.012453
0.009692
0.009066
0.01362
0.007735
0.011103
0.005185
0.010486
0.015269
0.006858
0.006912
0.005401
0.005811
0.01521
0.008638
0.014409
