8.2e-05
9e-06
7e-06
7e-06
7e-06
8e-06
7e-06
8e-06
8e-06
7e-06
7e-06
7e-06
7e-06
7e-06
7e-06
7e-06
7e-06
7e-06
7e-06
7e-06
7e-06
7e-06
7e-06
8e-06
8e-06
7e-06
7e-06
7e-06
7e-06
7e-06
8e-06
7e-06
7e-06
6e-06
7e-06
7e-06
7e-06
8e-06
7e-06
7e-06
8e-06
7e-06
7e-06
7e-06
7e-06
8e-06
7e-06
7e-06
7e-06
7e-06
7e-06
7e-06
7e-06
7e-06
7e-06
7e-06
7e-06
7e-06
7e-06
8e-06
7e-06
7e-06
7e-06
8e-06
8e-06
7e-06
7e-06
8e-06
8e-06
9e-06
8e-06
8e-06
8e-06
9e-06
7e-06
8e-06
8e-06
9e-06
9e-06
9e-06
8e-06
8e-06
8e-06
9e-06
8e-06
9e-06
7e-06
9e-06
9e-06
1e-05
7e-06
8e-06
7e-06
7e-06
7e-06
8e-06
9e-06
7e-06
7e-06
7e-06
