2.8e-05
8e-06
6e-06
5e-06
5e-06
5e-06
5e-06
5e-06
5e-06
5e-06
4e-06
5e-06
5e-06
5e-06
5e-06
5e-06
6e-06
6e-06
6e-06
7e-06
6e-06
8e-06
7e-06
8e-06
5e-06
5e-06
5e-06
6e-06
5e-06
6e-06
5e-06
5e-06
5e-06
6e-06
6e-06
5e-06
5e-06
5e-06
5e-06
7e-06
5e-06
6e-06
6e-06
7e-06
7e-06
7e-06
7e-06
8e-06
6e-06
7e-06
8e-06
6e-06
7e-06
8e-06
8e-06
7e-06
6e-06
8e-06
6e-06
6e-06
6e-06
7e-06
6e-06
8e-06
7e-06
6e-06
6e-06
7e-06
7e-06
6e-06
7e-06
6e-06
8e-06
9e-06
8e-06
7e-06
8e-06
6e-06
5e-06
5e-06
5e-06
6e-06
5e-06
5e-06
7e-06
7e-06
7e-06
7e-06
5e-06
5e-06
7e-06
5e-06
5e-06
5e-06
5e-06
4e-06
4e-06
5e-06
5e-06
6e-06
