0.000234
0.000187
0.000197
0.000158
0.00013
0.000117
0.00011
0.00012
9.9e-05
0.000103
0.000116
8e-05
8.4e-05
7.8e-05
8.5e-05
8.8e-05
7.7e-05
9.2e-05
8.1e-05
7.9e-05
7.7e-05
7.8e-05
7.2e-05
7.2e-05
7.8e-05
0.00851
9.1e-05
9e-05
8.3e-05
0.0001
8.3e-05
7.8e-05
8e-05
8e-05
7.4e-05
8e-05
7.6e-05
7.4e-05
8e-05
8e-05
7.4e-05
8.1e-05
7.3e-05
7.8e-05
7.7e-05
7.9e-05
7.3e-05
6.9e-05
6.7e-05
6.8e-05
6.7e-05
7.3e-05
7.1e-05
7e-05
7.1e-05
7.6e-05
6.4e-05
6.1e-05
5.6e-05
5.4e-05
5.3e-05
5.3e-05
5.4e-05
5.3e-05
5.3e-05
5.3e-05
5e-05
4.8e-05
4.9e-05
5.1e-05
4.9e-05
5.2e-05
5.3e-05
5.3e-05
4.8e-05
4.9e-05
5.2e-05
5.2e-05
5.1e-05
4.9e-05
5.1e-05
5.1e-05
4.9e-05
5.2e-05
5.1e-05
0.012064
5.4e-05
5.6e-05
5.4e-05
5.4e-05
5.3e-05
5.3e-05
5.2e-05
4.8e-05
4.7e-05
5e-05
5.3e-05
5.3e-05
4.9e-05
5.1e-05
