0.000444
0.000333
0.000299
0.000318
0.000294
0.000329
0.000319
0.000308
0.000359
0.000343
0.000272
0.000262
0.000262
0.000261
0.000261
0.00026
0.000261
0.000268
0.000262
0.000261
0.000261
0.00026
0.000261
0.000266
0.00026
0.000261
0.000261
0.000261
0.000261
0.00026
0.000261
0.000261
0.00026
0.00026
0.00026
0.00026
0.00026
0.00026
0.000265
0.000261
0.000261
0.00026
0.00026
0.00026
0.00026
0.000261
0.00026
0.00026
0.00026
0.000261
0.00026
0.000261
0.000261
0.000264
0.000261
0.00026
0.000261
0.000261
0.00026
0.00026
0.000261
0.000261
0.000261
0.00026
0.000261
0.000261
0.00026
0.00026
0.00026
0.000265
0.00026
0.000261
0.00026
0.00026
0.00026
0.000261
0.00026
0.00026
0.00026
0.000261
0.00026
0.00026
0.00026
0.00026
0.000263
0.00026
0.000261
0.000262
0.000262
0.000261
0.000261
0.000261
0.000265
0.000262
0.000261
0.000261
0.000261
0.000261
0.00026
0.000264
