0.00094
0.000617
0.00057
0.000572
0.000602
0.000605
0.00061
0.000597
0.000599
0.000598
0.000595
0.000594
0.00059
0.000627
0.000591
0.000599
0.000599
0.000615
0.000595
0.000602
0.000596
0.000595
0.000595
0.000587
0.000595
0.000598
0.000549
0.000558
0.000548
0.000545
0.00055
0.000553
0.000545
0.000548
0.000554
0.000547
0.000549
0.000557
0.000546
0.000547
0.000554
0.000548
0.000545
0.000557
0.000546
0.000549
0.00058
0.000634
0.000616
0.000631
0.000635
0.000631
0.000634
0.000632
0.000618
0.000621
0.000618
0.000689
0.000655
0.000651
0.000651
0.000652
0.000649
0.000652
0.00065
0.000652
0.000654
0.000651
0.000652
0.000652
0.000651
0.000653
0.000634
0.000561
0.000653
0.000652
0.000653
0.000652
0.00065
0.000652
0.000651
0.000652
0.000654
0.000651
0.000654
0.000651
0.000653
0.000651
0.000652
0.00065
0.000652
0.00065
0.000754
0.000631
0.000629
0.000629
0.000633
0.000631
0.000632
0.000632
