0.000428
0.000224
0.000285
0.000269
0.000292
0.000285
0.000297
0.000305
0.000324
0.000327
0.000349
0.000356
0.000396
0.000371
0.00038
0.000421
0.000475
0.000516
0.000483
0.000477
0.000496
0.000558
0.000635
0.00248
0.000763
0.000756
0.00082
0.000751
0.000973
0.000885
0.000972
0.000986
0.001052
0.000972
0.000959
0.001272
0.001508
0.001227
0.001201
0.001204
0.001293
0.001297
0.001458
0.001303
0.001606
0.001462
0.001314
0.0013
0.001937
0.001776
0.001838
0.002154
0.002199
0.00211
0.002117
0.002102
0.003284
0.003777
0.002379
0.003847
0.002561
0.003217
0.003087
0.003108
0.002992
0.002711
0.002946
0.003666
0.000354
0.000331
0.000403
0.000382
0.000511
0.000395
0.000418
0.000395
0.000437
0.000546
0.000662
0.000482
0.000534
0.000463
0.000509
0.000523
0.000628
0.000586
0.000588
0.000552
0.000675
0.000597
0.000635
0.000577
0.000718
0.000708
0.000776
0.000638
0.000796
0.000751
0.000852
0.000683
0.000895
0.000852
0.000894
0.000751
0.000863
0.000851
0.000858
0.000823
0.001098
0.000907
0.0009
0.001077
0.001109
0.000876
0.001113
0.001074
0.001045
0.001221
0.001189
0.001016
0.001284
0.001083
0.001264
0.001259
0.001404
0.001693
0.001594
0.001414
0.001447
0.001201
0.001464
0.001247
0.001597
0.001325
0.00144
0.001453
0.00145
0.00153
0.001498
0.00164
0.001562
0.0019
0.001588
0.001937
0.001665
0.001754
0.001684
0.001804
0.00179
0.001749
0.001809
0.001816
0.002112
0.001705
0.002255
0.001744
0.002135
0.001799
0.002152
0.002059
0.002148
0.00214
0.002385
0.002011
0.00274
0.00201
0.00249
0.002546
0.002377
0.002131
0.002621
0.002298
0.002464
0.002334
0.002901
0.002282
0.002653
0.002569
0.003023
0.002387
0.00272
0.002594
0.003172
0.0026
0.00281
0.002704
0.003044
0.002754
0.003134
0.002842
0.003079
0.002923
0.003534
0.003952
0.004629
0.003413
0.003601
0.003339
0.003805
0.003162
0.003797
0.003423
0.003539
0.003276
0.003567
0.003135
0.003532
0.003138
0.003622
0.003185
0.003922
0.003675
0.004046
0.003902
0.004064
0.003919
0.004419
0.003901
0.004094
0.003608
0.004002
0.003562
0.004393
0.004225
0.004704
0.004125
0.004309
0.003848
0.004581
0.0043
0.004705
0.003847
0.004461
0.004793
0.004939
0.004527
0.004894
0.004276
0.005069
0.004369
0.005074
0.005268
0.005489
0.004507
0.005258
0.004929
0.005232
0.004724
0.005888
0.004692
0.006977
0.005185
0.007398
0.006894
0.006152
0.005243
0.005851
0.00606
0.005541
0.005486
0.00579
0.00564
0.005359
0.005554
0.005647
0.005443
0.005639
0.005353
0.005795
0.00538
0.005872
0.005217
0.006222
0.005516
0.005913
0.005531
0.006119
0.005745
0.006196
0.005843
0.006289
0.005904
0.006332
0.005931
0.006603
0.006572
0.006802
0.006504
0.006867
0.006595
0.006811
0.00642
0.006838
0.00655
0.007013
0.006556
0.007592
0.006774
0.007351
0.006963
0.007458
0.006921
0.00733
0.006643
0.007109
0.007043
0.007387
0.006945
0.007441
0.007032
0.007449
0.007571
0.00771
0.007142
0.007621
0.007141
0.007797
0.007554
0.007846
0.007394
0.007798
0.007395
0.007982
0.007475
0.007862
0.007387
0.008
0.007658
0.007774
0.007529
0.008207
0.007646
0.008693
0.008102
0.008406
0.008075
0.008753
0.00822
0.00851
0.008151
0.008701
0.008587
0.00895
0.008705
0.008976
0.00846
0.009284
0.009121
0.009759
0.009542
0.009837
0.009623
0.009676
0.0094
0.010005
0.009593
0.010121
0.009476
0.010642
0.009688
0.010532
0.009962
0.010335
0.009919
0.009935
0.010467
0.010234
0.009919
0.010395
0.010091
0.011173
0.010469
0.01146
0.0104
0.011602
0.011379
0.012252
0.01126
0.012507
0.011988
0.012143
0.012052
0.012305
0.011298
0.012113
0.012072
0.012204
0.012512
0.013298
0.011638
0.012066
0.012661
0.013189
0.011903
0.012716
0.011698
0.012432
0.011581
0.012449
0.011959
0.01256
0.01172
0.012644
0.012094
0.012316
0.012367
0.01277
0.013488
0.01301
0.012685
0.012439
0.012408
0.012873
0.013436
0.015306
0.013465
0.013335
0.014079
0.013347
0.012629
0.014467
0.01445
0.013933
0.013573
0.015537
0.012859
0.014369
0.013399
0.013911
0.014288
0.01382
0.014864
0.014399
0.013784
0.015671
0.013769
0.015898
0.014023
0.014752
0.012788
0.014707
0.014781
0.014909
0.014944
0.014915
0.016043
0.0155
0.014217
0.016679
0.01519
0.015221
0.014879
0.016362
0.015358
0.015427
0.015129
0.018639
0.017393
0.017216
0.016038
0.016389
0.015448
0.016017
0.015296
0.016303
0.0158
0.018564
0.015786
0.016367
0.015986
0.016532
0.01618
0.017255
0.016148
0.016782
0.016078
0.017548
0.017661
0.016804
0.018578
0.016887
0.016573
0.017743
0.018175
0.017699
0.016927
0.019265
0.018913
0.017822
0.018206
0.020236
0.018133
0.018802
0.018154
0.019921
0.018008
0.019498
0.018071
0.020391
0.018692
0.020325
0.018969
0.019302
0.022304
0.022491
0.021796
0.022502
0.023001
0.025003
0.024682
0.023451
0.02222
0.022073
0.022293
0.022315
0.021448
0.021961
0.021146
0.022145
0.021445
0.022644
0.022044
0.022147
0.021454
0.022394
0.023038
0.022564
0.022427
0.023124
0.024493
0.023453
0.022671
0.023935
0.0232
0.0233
0.023471
0.024607
0.023304
0.023784
0.023368
0.024323
0.024276
0.024242
0.024192
0.025357
0.024764
0.024325
0.024529
0.024703
0.024428
0.025398
0.024959
0.025128
0.024773
0.025257
0.0249
0.025552
0.025264
0.025762
0.025457
0.025856
0.025876
0.026659
0.027008
0.026068
0.025615
0.02744
0.026859
0.02719
0.026011
0.02808
0.026628
0.026975
0.026478
0.027035
0.02677
0.027196
0.027909
0.028481
0.027026
0.028207
0.027334
0.02973
0.029024
0.02912
0.028772
0.029718
0.029505
0.030479
0.029539
0.030315
0.030213
0.03059
0.029526
0.030947
0.029316
0.031406
0.029947
0.031237
0.031011
0.032443
0.030694
0.032115
0.031376
0.033178
0.032094
0.03303
0.032296
0.033329
0.033231
0.033918
0.032508
0.034004
0.033206
0.034233
0.03406
0.034589
0.03575
0.034933
0.034013
0.034086
0.034798
0.035101
0.034908
0.034906
0.034471
0.035028
0.034757
0.036126
0.035249
0.035916
0.036125
0.037845
0.038076
0.03815
0.036579
0.037948
0.037981
0.038228
0.035923
0.038059
0.039734
0.039376
0.037991
0.040178
0.038086
0.039298
0.039502
0.045063
0.043611
0.041101
0.039904
0.041651
0.039371
0.040957
0.039815
0.042865
0.042475
0.040218
0.039577
0.039997
0.039375
0.040362
0.040739
0.040908
0.040449
0.040658
0.039636
0.0412
0.040613
0.042403
0.040119
0.041271
0.041233
0.042671
0.040722
0.043238
0.041539
0.04254
0.042054
0.043355
0.042486
0.043129
0.042981
0.043486
0.04192
0.043901
0.043013
0.04346
0.042219
0.043859
0.042622
0.044146
0.044546
0.044056
0.042831
0.045942
0.043259
0.044568
0.043281
0.045
0.043385
0.046098
0.044543
0.046224
0.045511
0.045986
0.044769
0.046145
0.04595
0.047937
0.045628
0.048336
0.044725
0.04797
0.045934
0.046958
0.046369
0.047669
0.046068
0.047192
0.046637
0.047921
0.047608
0.047539
0.046346
0.048641
0.04685
0.047663
0.046473
0.048851
0.047007
0.048144
0.047612
0.049562
0.047563
0.049129
0.047799
0.050267
0.052436
0.050445
0.04837
0.051647
0.048866
0.053118
0.051118
0.051603
0.051259
0.053031
0.050742
0.053465
0.050951
0.053518
0.052113
0.052832
0.051627
0.053537
0.051983
0.053585
0.056092
0.057423
0.057601
0.059619
0.056448
0.058976
0.060547
0.06051
0.056992
0.058574
0.060092
0.058589
0.057946
0.058905
0.058432
0.060359
0.059629
0.058823
0.059547
0.059995
0.06028
0.059435
0.059732
0.060563
0.059643
0.061407
0.05995
0.062027
0.060431
0.060966
0.061183
0.061322
0.060894
0.062259
0.061734
0.063462
0.061403
0.062545
0.062106
